385624636482245016971490926399084707748096359708
269167906793114254524268008300500869639314197808
1433340255936255320794999441835795668229396666812
445271061450327252632982007977154233058021741131
1457393777278377843268194169110257220793595392650
191915840852601163079290415127503233698746791333
706945275355342719147585854384849166651889239824
1082169291576077540307151556181592138198102545316
760433400169692120137067735332375267158736436241
672707083092784898218639817402736939196574284378
479742323576862584539874237720711905417323159290
555426723210913987832806625961816354442879909249
662300705766567155176376307024450176882635387555
1440034446646392650278994860312509005907001368437
529842770366402582280323159648716658778877303418
1367505482193156769033517147863219039881374162775
1365269363775428560397817890343912730461034889110
745153539979842743260942874118930104051732438781
921489478796206407030678420283484843055656020832
425040236775382213060894639777216787506163531940
1240906540065324202565974226239677318152790563798
1125000313722910861912674258521310952709106017275
1114628405963488924008939824612183999950413190105
1275168724750426165382193454675776043341367938672
707560549942183925325956584831227554464201385506
768320144165533005357987079316426446563196751721
1314414347204829640761618350505658986592983840478
1277027936731584671606196031293692496739043978661
492094228866615471334327690470263839844886303980
76880627204658721676284953929167347401010996982
1335254887152603941336937912149960273419204900190
655766398679694637637041828686505724226855352421
616190564355550782962682905192535749946117503201
232481333955776503732264827461590632447789101597
140768349032217535396894537136911021116571637049
672708553782674257964308298522144221672787884597
167781373385641020108562252059950524976982650463
628845144429491952430093235678634519420413709685
849541476461378089630798047934321844297790599836
462564340797050063534775359155600892089045869425
881797524463246741556484036625058444763106057328
721691182008085617543017377842688276886463263834
932500373584499634674386228578930787818204420044
1020343295292730335599006553188009463515316035012
1173610028436183095077761589896306865845882405529
527521057775242817172081387102902878850801046112
102769559074584455204129300408015309657716761979
107227573415177195629831552757561657782938060804
233738159168299665820903555483185016323906005729
340327747071748776617850448782571329522080191009
1195270427693408259749747371040787246554498581567
1297404342287482557620933654278227420177828612481
529332091361023004000163341761965851898412989624
107373877807995140916280221556043392702562814730
829689935447433171508037773664738511994755566778
1016198771421654080444664277364100786431265922968
992448629000204660351916086208050804385174384434
1296645349391785840617234676066164680636709687633
462510716491265085758387235462598086255341626966
1249315137479541788275443288963571296949682744
1056814816584985624154240490867438527175688865818
88677074546074025016060485777719726440045278273
637850439560253655630104343451892846684377734289
601822813103871307084522299203873542101245143630
1337401262034004919990344894981628474018382890613
1279586115337765226606455350703071267240028822240
1456132871896672226170169192632164945309493296957
1364864888198919300479823912402462476506926180787
535980728895689254955332027598760049010031137815
1331081310956643112344866149750737141332616240001
367230879209173194213185337747243744198148874880
713122346017168145291856351815511077888194751617
1327304952698240656537063328301283573943771712803
624731987449769354228495926895462702836248641273
986786896478197661015286980262147104678762511859
1262941682046385372681737746281941529217296795944
1051445183479813348804168874959115642241017871273
495447670891252921778796215620648798644933409804
840934554489822684094602926828382289030793144266
78362656036769686045784042200624485422977967028
283871357750113557632016624202004142963321170226
1025722425025267138312569957069669746527630336796
1183794245208534942965598027954328519871795399300
316275627810813253810550399373828059674666102231
1445856216857640315514789345049077342916240929861
866852777259410294034323028887855079824034074283
1445249983887546486540729970063136011957935977831
446555614749096647859251517175859951659870723620
962437419526328883929539426946672526346724727375
206636705512059998537898246602626111635215943985
916516879102608156822536051686137625142202813865
29585441242775920380285266576906233684938464698
646120012368686318240610032713651968437558269148
1084338296647444701954255783623785446217476930386
162653696027538724031268087670838031639854538598
930238736228886830179713925409801934703591165677
527268530982309703887379860418243679874171736345
595694746913003980863931745047587707115827812947
1025752810149138795172625393622582728682586991198
602382616048681968722691306958149839135010928249
645120189613021561795096598072238635907294457315
885645439119927695249628128800708372093328190199
1265162247418093074906025348383323830042479350407
547149941178411405002859453909109946206420008597
881112084141524265669667750182120244234999777416
696834576159847032685054258864993699327713290331
1089790820604967159709791246536813557588828122919
1084433748585386949075715961764793441434110013806
942944662832020035877870871213714563392158964422
447454005026628320841220030405618406663676690885
649543932824559998847854966543965338357612633173
186656505917762175708813832774679195522761937321
179036090543485585872175830537129588026965152645
183988991154799461471196267343379954332319460835
1318632094514839295351188088779769077142318885175
77109150239491179544444501945898384325790301897
1358285588085494516788725647869948270029297043024
1053774824084803850487703347324366597263631029635
95972657295830936629568819346767119654306696139
1183722723556251428142758103924045933930916327411
1056970668169055924104124980588884881603857369796
1449813175821390850222415776499625302018748891911
491394718139974111908521791906480353898938896337
936945908249724006342386386159110631652008572204
382691873284174494978145924463961945452550631987
722131982229335402559768400613219817654538877640
637384823032216421187862459155186720153702341629
309429101613146861936817626046467402891086313505
640826821091000167928396370275835105407107682238
1337474228163072769561509826127626642009471415626
434901999214081541114228713239407036254917562509
132522147438736774893911915106769965927556915708
1078569799542367820821618911433890121715391672790
867323971612173957731229133802895089154661564502
1239923996969630962353651524030369202158466312764
1327315326554680774204588979108043168356407534157
1159207184757334242605960703067737511793448931816
1348389466644890829674606466848570514143479122604
179746459787204118882876941295923678028157202873
617554611094235044806738029492286955395508834095
238474435740163317250047332236989433600601355289
96716207854845760582181169257303382462933226605
765874464191660707727025003623001385091150507776
791002030258161090556046655693437213519615619716
1248597159360519140735458484628906350023361256746
846509069170390970346554579637010491024375207918
1170316492143399422139058794443309756154956975322
79263697272009161669501174004290141270289107311
519930455110369358242145526358194900444163269923
907284120704150707048318305019476026492807148861
730932499101517759784767352785931624128369946459
722837496264421442567023159261338963887268085522
1293408264418593890006207306225452972750551396315
262375801577425785972828558697436672777798913564
1420074495365167888221334982089900312901052798981
254775748038759784600901715639054518510304489135
541725394009755170726286720320779744733817645151
877611759516666689466877198697326510291248085951
1006515343761584555004636683919735308752996828104
984175975144991900417748293827676273063275648135
981644333893271959879534309460486431269564100019
633457327366053353267072048589874417874195994998
1278685199828357824596427601841116276538793469375
1232411514362176136825308292882103153536915238791
1019833107149225167155861900908243150519748728886
1140375595943313985222501704401151673171674269848
423261950516960544266616071286177137626899299556
1345625729928635376882119184257701478396331324771
930662172221826053558323717206244744632650500649
1336657419814592489295533669189729271032435405072
846806220312937454750969796073231771742500663668
179271483637339791891575335579613845642949954937
1327438074180150608400295534505877861646135565336
893910317375888917499165600710751133430121344837
1412724410743769321570936315216309410112922816480
564309881781567031645209168582938594969220662746
1349457824353453625544465486578461106938018201843
78767061071238063345547008629976825171641119295
970092197169297593040780832162513522755352856818
1418855551317298669537459637747136357644927528197
1145914315946204593600361371863368503822311141826
998668833635172913707877113143878262655087384226
1067659492435938114273602918648913111140114732891
584073143620966301395123090998517535027290870308
1370095497948037102338447493199398134504636094133
1129185397050958699726822830813679480370138229805
721751169420360810216585814638036121770962703372
439998934263324885962590356785220705523984064910
668220127239947135673406028124681422297748916386
624518625654881459534873824990497932640855483833
31115047398926868178459108878449835549026707356
935417664271792609764060975503844021751144548854
254684027809510552679491582334254704334371870439
1126640883442908333000401739183294668284772567173
245921803262812791042241829622277483632727028370
969695243181276045947400211030427401835932157790
354347382026628395250696761737349133127145243747
315514306259138440715480698803059410633133884683
1033058388311208715149584944315262418213485712568
491930406335201485810520444284753212542595488763
855483809341646439752036840175572572540069581394
829835546895173716868653348423175740970312542371
1274508026845349307520730230374894724806948755359
1363058741992704264522421608817823943026344410221
1201014100059735714157614859412877949604537693520
581405341493192058993876431171750426806868566291
1142801703412337001851589053395470379354439869088
272820842429635060891491744772050828615429426682
1265481490597926881390234815455255582511976640440
908768649885675017710008323208162802926753677614
269382275806119620121797896623767608062353969442
27087392639703816138606047578813789514933443784
983595450217924476516855750012103842269307599996
69008688094351548252066563175665199511706937861
626505980186621177340218360171705971602256570093
887766754958599162997137239865395482162339339437
489571292953439027732165864489955859564258018128
560146458394840110154061232968753307895262673397
1417945028089960816698315212577161322903219222913
1245102887576105276608118315751146781793514139921
956647676868035407174137422255226912070618993706
1249632783918217139802021175786718211240901667695
1321954303090240594168716454635692542088468343960
1261224942196765613523329344747689790888306328814
468412727955667334189618068440510816968335075700
266016434815590886087239992014247470309185639259
733056231227339828897405858950166667245090355510
890278794469534621068902925604340865407048979882
45921570885441108941780725654814013050011354760
861995601596983114322923996645762134285152174437
909793330236866966933866395939733163417743412911
432292521978834383723962448473565509640130241230
835579857270532735504165621851165555675718327068
645410357903767328631020480334600856421771054983
896707343183030624663678030528507750162541658498
71030923995678028924501767190185695187926879888
427733796214133773211572585261057240521612185841
458373875646177520833803689037333527930453649336
1396788037269743339216019246874780200742495174357
876485458433049495720968103065597294319412479109
1287561562580397894907924856559577750076234961586
1194525943382307514641691979981150817959868751730
626135782081301518977610383009323137229632556648
71859081041963364686146101427924970601783268955
555770921104884022962917646490478656361193475102
9971705248012322876317073324045547539133961541
308419319444999520514860322213687730546318322231
524554484271607802993862127826729408444178895729
1242099896614564714580367642167549865011830609612
1249227357398133738548309982032720198238279005170
1218004820184430381985187142604204895117438624601
995613138643786524416528919107825548207017957058
789875472202264798946111769663932439250095352334
1160818406138677063133080504130538711456332360876
184631087440385166227601061221353038993798446818
1390467541320412898684293835455203408320294012422
700943473359748100341975262155486818646636188815
1350577444144364350361453404285100327312828680517
656766100827795573771491793644703466069933121310
1285856022696030217038486687816139436251334642788
254571376965493302265211497694477253406472184629
330258603278656276627943673978176595522694473664
20142244958892704936533696578074258980728499677
702689445641753577454345919005795167577151718389
1197574620607997659876635629034649332808529509656
1054434226268886194110666807526829693241237836048
265013209345335371200974977169918031886524835215
228861408033156835299921498634355846682565613785
439906700363832528382799894730301980188443109948
187695551481048583523510832300811947239263170895
749799837489018510221107931871894839665005470756
579782492116241834509740552700478992610097641774
604623275850155886900182910628240080828249788174
152721004991208587297251160172391223163003021509
1276716172238028499672250484275661487043108361078
8637342589979188986405082119251371216969739236
1057135186420185611796760023344616610974880596887
456738444859833382833881059355039618809778660513
308451981266990387751828480635210696133780374513
219946288594849790047866170940811271272530607943
1133952855673962458789331904450492744239888722216
918459231441222133086543654471768177758587845339
152793548593653554333145593788568959365231131895
1383012770358086079732113794653612565683296513841
550285076547164914251356703410925864628676632706
962327375654845962863065038113331507792416070598
155224496968233574253241857270814083731985699466
953392745435660104304533292000788074452849755453
311882346398059662752788859782632199679342976651
1181804113792816770160209200038581555726965477871
210713942040317414365299391596665772530240846129
76859802195960217351621803268137285876640631547
1080138255244591001456019732226876849451436251947
953517860491120243373092319812450041229131539769
872772599409140247781307292388041355678319560703
230422330303447688957093281455953622281601720682
979541207930834712118347035476116768644138813243
270396325281856675183005064607424830123361484853
975096932573250207536778280915145311246556276253
426120211377980185988498499007552807217897159815
71148145009362739882371642313127445317582938416
731539220991845989306057209225689771620455097651
574081080770800416795301106824380166093494562657
992154735643512027481891211774241626471556531696
1328552022731086817637692692217762426450964973058
828190943509460106766664587057062423640063826283
860288452296180837530094562068936055417602421049
858876136032028341469174303522545771412434275013
525049172869955863075060943942221162631643953046
1181483604901446590154315601589879143082549178758
1026196511430288609567528549167642640169394735403
985121523272184819602930024520134165752386651821
1028092719868209046777519377140866026985290658698
29811255569577289967270105031992663384400744391
312487874385023021326055136899654702797463841721
1065936927240176897266663887045272454224444144558
1421387209418913915547886252569590138633526279597
423769563540802888080564549291738304876624526634
1026475539748774480094056378225984765023365240722
176918791239607154401719294976986978087651840888
1387905334189424208563035961209699430274355993059
1147587147408276874251481863245610364501819852861
337609702184828107060884633564404774913507058914
772180503959103041817943903885036752056461111740
1359961882208048759861713933649264622128595797996
685657976680270608875869434715235617933072302000
751173812577626155911151673235830140825010840440
1051641583850268072980831731718033307241095071538
206626615625843755116673008959516154737410505945
591656553404861930924006837426855631316084772458
1291968733374169505300428667665294719144420472587
1312012468709295093209614086346635602337302583445
1251389954230013243266956350267125148525141769346
188964036029157184408295709207100448576854832472
654340194559603904057945742248814597327041706024
789917283732785087509926961135194449248108660179
987531150286930595295059971982141696308188182206
349444029913568021464994037209587424165692002692
268644108094142760420026456386560668333553085119
208468772790151433759570016136901112361264674257
85319619651982251205395253660592951769673728472
223567106898055946056423021858230376150686287384
968352779372837479534869353026419297551341917004
950623445629720981041456570763626585876170822599
533770592214407220998945984693287030845206265645
1284653757323483384490813135996384431482561273516
522336266055606983939088609803653041910778090835
523741367179955256496521914758631240999142123411
55751813944485898495996522126307416042272720371
86771202339102058910998382323701835275824368163
1399298282242803004734717506234167167573217628821
130972962116456914248379873418779599392894761327
312110463190575947102608225510041562991247942726
1185429920064436763765856407199418162457707499713
1256651563827221927497394399922265926762892609953
1387459765778937838415264243940497993160191874816
202899556120489776429398185679146263434632761654
297787681270809643764010315677877011519679074031
537094158051469670799549044073627212274437192722
815074553450175366654303972507633557823786250779
333512021552389671368235473792180338160290113046
639305804250457849583849710055606980686394270951
1050323840549301306027486071501489040273708949793
1113745886677829229812666663385008489825313943472
540634070864605217157833288753699685131171914503
180576811186406909470158640123969499809303489272
135613653395699586185018793217773807938342466853
620607215662070783189783017125785241593589936399
1354900320395359717849848174419804719591441086349
1373060227257415851369857433561051719567930293162
1151399225572768351894616730559915931922807538030
577725141307878081554953739485476213251077306489
422423120540890847059948679138712578487481277917
466600572689719575936699341962264380075395082572
916194247259103278953560935746618243492891436380
1307059639253478291663545933323685605736910258776
885713796149969745575417716405371994176667483209
153191844605760927082401924474246816903920086858
1343244877587842134674100979977653058752756300510
680041357184515164282702507958053045427380388757
264025568386092486170656687237415760021351564753
1310246487032355521950726900062380161986150918722
61085683096773796729831964688857382612037199287
1180844629939088631534014684604231714458298911559
921165378221723014756943568767529789841365592640
543363361306300545708435414342391239318612080694
887640123094792402185277232516822239646060169143
590821194011198274166950666434597729440031301978
1051479615718800837181314708017610519290604689302
1218904730349372485813655225785645951530117117093
1428608206508583571287361259550026301839732890058
1061222776318104823576639067858828744239705902077
62817031070396115271281807494178278138045871887
940067357243023559664914063765415068920414137336
150702965070138876960076056112059023781858504511
847928322224758098118915388139650682966671505641
722444897354581173653587062172290646067733512570
1402022471555194324068449302508868832406657739557
1067411255928196516395090813372461430304989815876
524208178946120989669387957047740514515782009730
1011816432092667899486139872349430087523780993165
940462346814677669941254560526683640325348241586
1140402742289011933246182486510339194840810059387
432201440058356884934286254627767083758803691861
1209329332703816964629763680499623514273867578317
1184081317156647433218839064370639040805234163261
341059548534522257320130429659374872257086528776
556103600041664855123037354390972868006258652919
751717594977444038902636638375573168090246556252
1306139521967517148632053393084838085903738908395
1112193625529363593389947505948534736412038537286
873702865808031642379334582877608022739332835635
1406257232304910140425717200586153247479212609483
171672747347718019035642843042561728929812376911
329850246883248972543900484481072130299605905901
1408762453524570450081808030047368880034240046602
589379883873991588350836382124104518495655520860
333283750933303705804107375805890558289445666457
1386094166444673631842964022103716688524066615896
1453087259527855562181720268706838586902620636449
495747012378182609450711006538823403904811002769
815720176527000313991663190938468253152817582295
203269256044266909424038582312049566341708739996
1019273973489499997514757823226476520153988692693
61819511382694215319167686151892840384297038064
1059798831137683053358620933824403808425938857037
1391978829927917323064377028087489853708536685246
1139839396416668671277676331249977273560581917651
1004155909358855530827314662156950328962023746610
1195108871057809723964244744347654211266725824487
280732150527084782296700233516290900998941012238
652727664201814067867476073830494462910809043669
95667571723363127663123223625122283227000506350
236757739127148543270705343917134123900764657380
1206777572690568519245726364400045206655118396633
576468575327673423597575130229437817134737262898
1003111370204715624469405625416070757817032849878
1281211369492309806871894077935835202676859474709
555443224035109313335910070119240182360276322827
181629885871035719419154270710994897586795811580
1138816836683832383240550203699384498381116197236
91903901077933198290997478757551619325984525048
654490851640054170009869575936648890073688572519
507272707074819027033941832609531559134753483587
1305822507218850741290420962209278890113444235485
1387199981827316739429340650912865535059946361053
599577341540993631571083044196326194165150701781
996119424707328436207110105709336552227236576396
1211474942885532074590394453966375793764874939454
486865986373868747729456817221225428569398210525
1224909534749918308473300895410841629049067919659
3693628791382898524871620148563918150929675853
645195999502276827102989483421740231306384944520
1059881619413797169214628417649684239966331290769
1264514431813986362902489097297055429800149236098
1121831985936535668705369662426015059903702129603
650879067037794969638725629628215960764335016331
645515737042185786471316329432356327298286467411
64399058761590730389945876319737399156133193472
1269261672344079433748414213174109337005373683687
915630091228727030981953043692007778395362413597
1454277498442928832676434603363011696872802345159
420456570544696868484814808809984156496708945459
949991265698741321828969660926997923016524594081
688551495255557756734921148899626170585277664957
1061538156665684795268080254439117605631837182075
609167943128621892305144052720117414138839604727
230140523342972532041546499373624488058887409619
1380042841146632915925978539439146365051017010992
795579324423629378509303064920930323096234525578
1388148255519107570457537469880239903156039647208
414101463195080602355657893861031732872571536224
1414088133409445603195158346015765442141425159149
914737317775174309021242927991233267855300337245
726921671484783232223011139780881485568132357328
927443114182819357847723287800489384678752275845
1398927227379957124222659823423767315953824654810
1143809538771396345921540649184848309957561796511
271122699839349912334000298824876593614087425718
557039819397432495093949469820667324633548390854
163307824905822713346608135675579052862842846607
1126147763723663158351602870989761009460099381727
560828048495136004660550933863073229109650272655
1234201270187750712793526813607936778099782254313
915722860569327001126590729969602856042482729406
414488675079190534121842644853202439816395991739
18656070428246595901871701607713215917591739145
684560741952826855367463442689449529847330767437
774475310767312809881630296207098113379079855844
550592178765124452004874133848864425730173459903
390868527482680849065263871186663178157441502593
1007214088486452612427057855668791353224254542215
406436920004394309090274127991162619618522668360
1332153789408783415023219486156401417261481966174
679115896477163237567491633569665503900703536369
543034928839506586806818348953837504139553398409
534394502297736898773839201074099602623594185959
1141992284639410669894865137263091205067987630280
1148545135918165103464841739755440073316908573075
281486014504339043953076399646245877081996048738
1452362560879703577877414117221022333674053365488
304204049861950228427440911383388402390903805563
209724015022647818481816113463365697996729218263
530873784891279228518084550194182231701900653546
3471293846968118345197380640928041205643607790
869442046229554549749247717478635299631088744180
1298699141430527348412253080449707831371979432033
191979047134933320868140993215293616946944404003
291219584165666769664469964599183405676540254106
1030004376196502095111859253259374654605163313614
1179557739470543806784602250910038343314572131359
522675663966536444643602509158363809983877846786
401843933642135199518621622167322835972328672054
1183918313243308585028950101821292110781152818589
1401783854494926516097734069699199202347751210460
794578457982809654893084186265877282898410301387
578945162139768079119352899054579227220332313851
31734841375259588304636555943740712716419644779
262800576592461462940507048154168304928466058692
1005318101634831558565889865698979412245067737364
56233048151923023605631548112611027251835511385
1166702314856772803077265605597043951465462180749
342026742444997932844969337017437830696373583172
1101106328432432233798584840868785017904649865419
728327869174732256830889035793922580134119441885
1115560167866688628706748601739615851912056555515
1350141361423601992027059674045999747253022488678
1031276614333833290702151529258382956075665291347
1429004554322487951524111061894912101880509475704
799100318201414669872091707795677542962858537195
101034094178219049898609948985253378488435478442
1172996327342615912946985533341312515331812050695
281026853989846707829939941882281116390930974941
1327676010703930096341915380078476268070764672515
329913954008709024489628910249218256859135207760
775977205994541949836054487569877856926636842471
449120598589144621662340279861438303083704805126
1313669368881765417295756652555013117426049642937
1073863112222847055716406969655440552894038746246
111346834410594012888703295115029670050944850864
641467496961128081997139377674314492587288263726
693145589071614823152985524152083081620334921524
783780318554785170192500620382448877765464059391
926631501469356697478895421484588833936643840624
1159194450351162692680496769725091313510061001786
891582221071255826306416077424926250667461822915
1129309937183175601114654670068424469552333793310
216959236494606840655123517180476285399641648665
269165483425539217086026676204816556072057530419
79325286935158842018428530981253714201314016221
55776032388529587661113756860892987956908657541
1311114633358407329008296739826861323759504174795
1348985287286499736447035239060016826488511144412
930472305289185166645604799015251552386723420975
1280213240995838802018096349904100363237694641738
801602190996208919233951460010774005545744542584
1129254068637727081763814527427052598113012829174
439839675595899804202975743833295420200273766879
1018208839195362469663427926278578705103126416328
1268634926389371219365457143845683475487015169019
635241146231750625821185858190617497795318456405
1333983134219329617706571529686861877919433187813
352394118333868456491411919073062942346137035635
167190169174993258483810209802337486286478283034
1363202239939299219627291055717459474605025448746
1151882365152124505989045301591100040341681424471
1252619128305673211375445929154901403241941999427
51344725235592830843133126031808763269075119272
1016778951843031795059664826423695211136106755253
119684454072780324043369738765787900197791922850
1208425015543673075183311140716112778106384468070
1176908884259911296417848553772163683113702396556
455284808026109888173007481089605296416985318744
723768874115561652052597623914992449382501112651
209294167451098109222648286043454710351673510733
799473775267111450147901034878112584761665100291
925416232391630157955122544840026271196190257895
1286982936725191315816986580793757551690635087135
296765614948378541480225703558296639200467454246
1339656376913599418166476120192731651388374460392
1137287708552388066730560619072266831409742619719
96009992874157560674329882356584724693977886550
881460022432494978073556778338033389915531626104
758782941867450683719643935055721431063129604010
1007616499692452426018377334603628786416735516989
174585843384329400169161626257729068061655830863
1159954958281456108408664462366748403868145626078
73460126057247120704295627935022701083936921686
657813116386629234334587903243736111267673169977
485725432957931090141783946070386042096870555809
1196152745358027147539605812086067227048848468469
710241732554257903869989888103754713071195569951
28282239792716524367889438129227521151954461865
1333666754125023255022806420881092945931948481198
475038218124937680861231141173909480255297169252
972586752981679158867839544618071831503068565677
424337320763374803369623740125923760461599074520
118479199034633148453169571240160520808798449285
1514788517733846542498863760903053119408177491
408468943294642455468667581194601276869290350105
985810061223497653987851213460793767441809211289
183951770917255698779333794123130286579311295915
1314734321876916846573866365528776447166608280158
138570294318163741970519437326104695616716506953
827196654201797200167970167767440100272938392211
789839523828281533874194221368795202060261178364
1024729696630245427604406066081996848564438462763
814648848155135086421073255539850739071603868389
1397554877279662169652026092929025617981799607037
93040089884440221733200810866225869196170706264
1382570545475601365444545271821511410355019016459
740383118903456397541864068008038576504544584215
16926166932597290432018962366848041032299482922
1379022597022394107534923210893696696090112768483
90837702003467643622468483302057560436591717708
378461872352855383272153302956984788576737366140
1212129223406251664157637769916203091312279107436
1442744521064577297529277382136997038574144058101
324834765311690962343644420947925137774575857611
1091590928876442085193202717876149597647192992663
169786053245132196669433750142175961455328387035
585039281276800209549956244718031835154358666228
1160153008767330394439871334258844600368466622097
1092786472755392550620269088561409787943702525663
1386419329521571918459208507188714918462381113257
16162622343557475117952826220239648882252530359
1141575982611153663533276756078886357603573414882
1403821076943500048566603996966096301266061186426
1362254581203753269727417416479869389939348444976
988160822511562347987660253254879681833759511371
1112067285787377366465656713488580262536357398660
1228259438485192667151735529895253763311639103839
44259732053597289552767841186054321483788092530
960764183610705954533045424576669911673741049454
980983955111017342143141248023437518614477980960
302383297478190097713757085570618841085926037705
1015578165303852511729553539422548425196189574727
208895855379068692972505874265711241006391619794
368939604267993799930310396860904957322192328537
927360519489979594059053850130677017411000059402
1326632063744697712342257277089413828457793248572
362711946991587735395069532907973535469917609986
893351384184872411872470128477862159028831022516
825295535711186473326213781467881727155181549354
949391338909514045667944049772608617301983462430
694185742070471643554497167017831054792721497099
323441403421415509352978471643946476117808148829
58939979132592356737298429539305011164692281101
878927339907632573996993598607278667559793992152
783784493015855389058500119014501758935966861971
588428513102299371374823979509189767641115884521
643859270531590427473956866382782457756066596318
370969899501314979729687839125881083504808333565
733026305440778100569890725113139793884965510144
333518144411044505973838254977844617946606585567
691393336190872581252359223458699759517387098982
513629419508726898910497779687172406769747884865
1012833809882983305783927415462471351452618017637
1343834288191566812529997872245863666044066496416
554569684682883877029536933955289667124748589444
1002676107301525132936884771103282832278630185805
330371240398273279018890301892357313531790690284
60821010672224522178454638609307228530032927933
183420282037155510356780831188283084736508194829
1192089583541880316579160928784747336703179158125
65364566896186438777952099494120352913073585229
1293464745650378424333019335084003845120334085786
1372450995651830297395542914325338687598704398970
1149310793936599314458501487968828206844720239540
173540690848487867999328393219158534005122206705
1396659777908272296599974679981587904176425591958
90941034036053151251725780288506934171393830678
915040885690451019311353712592439605308350100165
938903771969505169251301282206260314114382540310
1343197541661127824983759729503194500138402346488
778518175778848266785106660736868486188250151846
152235693347504201993800718053036681759158083928
1004723565325274981913986541299911758819003000110
601650722953998576913301056970259451251259326749
1329002593431493525715864549966763671100785988505
976173297322395249589632639994043386470452875180
92839663594250447125472195785144438979303395634
780597360485470885430065617291068167163357449077
851702672157557369977886063240824132762054605017
370722574287844822604147869029273500303444845964
312775852863556697597083749836581240191197058688
853142690135701967151158147543031629881386163548
709965980742661287610896086820861901580855918385
1402421772051183194152646365060583800820709053189
733840705801856705306571583291601117671406133675
778450918877314237503786855976755199029943784236
690965718315193202891009098684669227096129061513
887200584574106322930930491269265760743839871448
640591502951688609416378594315495844782860811548
1430487180016730496176126647601030002184229501051
370396966854925387244794747090574526701085945680
41712449039393246326885480802372745126432896229
1451848064045768913156378525019571898358875963874
1369339331761052365346338151185026439294345187692
379427678701988631984637489128495059644423333371
1146351073289783150635326990745957414035082679983
921882409610783515255490267021807092091759815301
42217423824019296902837808562490090602579386980
747100482057102392429816469398515393710019548101
1181914288829611313613154521799675014984648085642
688819976222813873048444385133716558375373521361
205548074561554553120788903467165212214383668597
121315269187261677517016979070187215439869838492
1456589206104596335038729215434701582742395219092
653874080145632911714933041411696264687221209980
163161160473539157019530928644385114770645490434
645219603436774339389982353147035093669406091226
1431431903956676683911496042609565452663815366009
310282879878198307447994715322714579848869110918
400348471091788319399821370754655039063819689970
952002651418489941432459354363826600104177490376
1040866330980160129609883281579649967002400170726
524434204021469598773671116145722156197121799169
424818613585976373026928338596574693822647000885
764385191143383897637515497697922069830563274073
117820423538119672830895278290610131619438240082
805796177083833822902398090063748058092061826788
387641984473180565594362361770185618860539012577
261453355163064777640045169264081423495395923486
811964935295944613897348103249304749218162424130
1249639003307724042897220592215216307354537145671
712133486321024549297204169531901887832790727457
660379477886646134068709109876090864900953549412
1086028200164562013319770693575302001730418589140
73585946995548653295444224513025679042213767393
734819718227053087648898584540023367927587174163
690385277130721414489606395288269501157930728819
899509147303645587818921877777070731156841940452
1291966304258735593782597524478286847979855289443
880789853874887177621978236065764454162734443673
1236396014508565797005619707304767963367895927181
1208311702835946513120954614840687884674523531093
1146796765877770615327378059943422745155075344437
159549195688540127853233325067248734129534437172
1195668436482708468506121910571427817293177064518
107856663284544213733230681933081604098900607743
1407598982983391672889567526590894687009544849230
1037053443741910449689216967989855765706668436754
191689503989148751010586819372855046358769850526
1009797568158218126879423767974096506514785408131
1269472207781896517316446439315897774025135607849
542192224594066261819820073428851690045588242451
1157785634501287746087965211881809394632757645677
337039430785385541362058810917361825688210469656
311576249758165651077818340602423026739519036229
129999517944169741031465269401561195800327039281
272720826896862086964148424991094083089938629045
456651430342120849715427694292793525624553090888
164200295835291880113658733736568012932548342862
243682602119136539630956562767233674194438277825
1281433067820826855394395850493649040907115601161
1208803787450504006318570781221177810998563443488
1305006017118655624381304055776654800798307869218
938805330598910116132069415016828929421430001206
1136997346453760997957683667729241272791861489288
211153636635360371563144514256804381244173100864
1143073364261663818076821415438055671921081043426
1200307786780069068908899400852054823637295900042
490677214623292438752900774334538472600989110623
978614726244822399280833244083182452185597794309
512539625879681565049411015040486101731739406884
333156912165350427559894979629941414454099688605
271946326873504155297758688644909747079800559913
1083580280724178042585653028267408308763132589522
587524413240162385131013671925048088723339050184
1425366483264791688190739925674887194557268915355
1184105307300739206359040837528003971623220344370
429178037524128440838136279851763088840431185827
1230585245267777255461205697216663621014702645438
1040126508815202312817818967271742603181634295969
822827907099376802571942661162187348608842867881
1006634901141932221665427463994626988960773059831
226579664875240770584030360719673569279716167946
747425157124899538112251689222709820745485675166
1453375449349899926267794598163881945151247470452
37789213337941579955695855627481722736522951288
1432398748545497860261121925182360251416722329337
721614708161520354113947389328902633638690575323
1251731288131508043187418261413982026515486483388
1449565340204194989252620245256791772994338088563
466898835542425528226244221644395834781887258226
78877444602994828382575681391131628752427047926
1056057364615529124018840506700305418376586503521
70172497290070402865488762266500273546974108969
1360172159061917164416063590082617369411524693743
616489565863619192926440233293739673588010606523
1002223816979919115631916423575724099795429448569
226481642547798369168665438018842340944409458878
1367829015871225728058575490953403391295816042961
1147374540972187799712749318004244859904978764196
529599739610167412273718495162141393441059944892
930155285341980730306606510055750921704750210280
421312059917727253894899189418603323315613769787
1197638552686658416850099310176131275373041113285
858203944192492522448321235276943603721585283523
1121670568338455491424468917332569839507711478841
268901674005657584131043685433739921038599971111
953858575551166954048351502486091809471365583315
495828524520866387659289920085155137630756879314
1333289561656320538907833030400442254356879579319
109359156784404585127139633440300497624242503936
173571044994980491578788224103175382723974051375
15161234378741658978768850518967774261350397123
480769392594722067543052672848678219419646389125
1372369971796031829757609786419847570694259511633
514215769414380494471005756948656293930322998453
882936279138120674399267701694496470952014537835
1138272840362828412026479190757347288546442115840
15475220437070962895654735390482886598816814994
1199417509043409587382412444403187214318619207093
1392369491354625726077795150159837071928897647097
794110943977627608354729817346096974448078732056
22265003999546091838231557841146494676448781288
652276181887269022279410698601567242002052170234
1215277079626179124597395405844787947114139647407
1254497512495936627140498467201962805489902251931
1045789547275492507882363957589295209782319707159
365318096567630881626897231422263719950554928946
945958550688649449790526963628284684742980054472
994688824702536913760650602420581569578997091844
949927264038561753666141901433457059087549742619
123781774949207434988030693168646733792297702368
1130272864907136863740295282590057864169287944885
511512247900276678183464309503734709244354986754
331834089165850032454584196130482392913303564754
1323112495990398241562156724827054509763009181770
588672288857449473625274119713191352376664286409
774110302725388225864228709758561474050509832140
751459294061827043398472273225729139079144677002
1071818782892217994709767982310309145322619703591
1048345105187555662033226835145502567255247135847
467135169076819054366235516461138489258628410534
316918788291024160440798812488555362916443069158
147176310344087424781337086982476284643860454004
1182601711974418967228175665765732926322719151257
146802306348955405000455599234825365626340844270
1406994879078196807197920918597947649667195265524
1157978069941898476002477377056926320140322610960
384379843084212306527612938722367039189828078849
717179674155721319894518009843568980425372894562
418074740062739546110251155524669400113884210312
19353738972178202225202263536712459976524521229
1298685811303033752922929789162111831733419299446
1453452985247823481074619936546956779724284526977
193281898724515079352065476693537694673429257678
714594837462823369416917734177894773849415426196
283508986410443579117352380491871149153246441380
668633107044790667721961983342140311145892055297
924249886865048452082528328948190739085121262084
869838080690390170985828038608610677411020401263
550196497364661260020871647323660887554355663767
1029110871136755866090941407517276108936671873639
103957424551557451254911619420022435914719795694
632802979947717262612028345922273809449031579667
1154524676739391708688975972790088392670118737234
1199304832292547143876777924005442440522988949956
850773335270898086160831666648913515132713701129
1170768182745088912130826477645046734834607596888
1406489978688952318659152394743435334329914977763
1136616906838210067408201046178745609469189369869
402774684098558898045134319656166306963462697375
267976741433917552139097750306239602490971219162
1081522298924376371737343906471480777206790213193
1004606726381617100752907885594693212098982747441
1234326654580115025078277762027493688948705796916
64634977679846233394986222071017730975174057820
1244795161037131136441012868832890616704406073168
954670430523816359472515325025636306096638887738
1427985065069447844769385515382852410495371539632
161356812079243294920676567738450951418601710695
853034344669998313131041908055503597019048813290
522677882052541815637410938633049552783039971850
886886234118340114431988848710210607565855377572
1278604340569423534976129098692125924945719055341
873278485454575557841740942595413654052103484307
676048713267293958546580073487055693309811906035
269779199908268877381762094869562980945874708037
1101317292813736428849167931371827178174013795556
1306772807594820015776743656897171247347624690468
949701368827504045162646371377896819760057419293
368056485263397614646225870025000759178965382743
102361716644523670046702025080933751293849369249
514498324658740401461603846594967069379859168377
384751657219714441831133516229903025731363621740
410058294919978363675832194150163524394930054055
1081251047053559284885287274102956217695281906351
834858985295449074416750354013553429426503772248
1237441015982108550072752007881826634683838340972
1222356239919527752814689039152528703104021960131
810438707697778762588565276488166802875859906933
580890474087199612277736286887762097856628727023
1017627398553038701454500611042675133226507776107
1419862859136249301422577369402411718807623492882
1039420677757933859587592359398314303091164953689
1074189205664666049415259555863134873838912817074
308852601969910384746634336017473471918993814651
1306389274604644416664753857301414214391935431804
170954574314630512738553621922058678062600036150
830738996560614586418370260573716754538388149673
1367670416526983273675528170690630877539523725747
1359872229220249778908018878554122005097722211138
1175416413241984059029657110088065433117261485307
815338983753319408702652064520017784052001332553
1036540354372217800134050720282687428947173190067
517731204154444965153777473282635620340626794173
499071166514045475711224278412455631958335314738
284222916870466480044794182641395307075871261126
608924591543696956927894587308249282922337120872
894100147932892972020774074125945866048977725064
379164389877213325938400436377036858671177405133
731253357774909494201918411926085643605224118733
1191812909080391734037961464956618087631250720691
39584711649709400601263692300791917137269633586
365960709902331874553745410381340058472154230311
137131700280226435623640705000637275543574752909
1151023245359279200996055531022161322599064507128
726480055684576250947148114686510891032378763629
267398188277291573278962851674843010273721207674
1325389939390766183726760663184154953155822531572
1420551064835429580966930533334565639326111574969
557805738732312922622617468383721402951231326409
322877649985532455746477657136709973381678653253
975074237868706582156609924313971061417039527519
127679897531699460750941417853632235162251769986
20031541314044941231465295011756066630541586578
1355896446344323326670148421065728852986206466845
1006440926135865160811128092214277521799046569813
150946481456036145952488709621180192135368925273
1323345490451744933225514891760108011793820189906
1232465655546848329174435564487330679942685492175
743339482727486855997962387887239198493572315475
615429434297658782512048151837985497943694565826
942484885372944770067604357080352917252862141339
1227125961193513855056038303214400738829690241742
254923461436969301919894803240351325309570584371
615315542810914951675732413593844032585480832168
1424058272921665484856431670348108093237938555759
1165163000701897847352460158051982316898456316764
708767055971483716201842211029193082950186458233
1319265903557021729743040297018995280652292606226
844521684364956762947043984844634605778488328879
1261799216799720733759165566232376343282901837155
1170647781748981272069746341483186564983126407008
344141489718163817656125378655358775420633029925
514243721539154362758042481170783571395137110164
1039578871452613989432739010951189450825187463166
268935857420385346246155023839228264062343671508
654612214616600479456632637847522182056996733817
393850036200643809760944910908513660712492805819
391172264268905101023306233542509160552216123789
1344692748007202672146004574292223468495200557859
94508445239797433659855815006320133198923969565
1224869849908622619593456815779723679442479918518
1423823653186358895851829598812660524144920872711
73212528848096850497901286561050026216532396277
1229238618283182908440177280296748689945544972127
1222076663351195447002310281925853641685855854167
1035254246545742381163204652759725793228041333856
130219787406946985100164427358399878789281465726
331423836930946935932101626062477393191047897180
809455285618701462704084767403505201907016430211
108907069323257983260900427658376210633818180705
893964432251738286859284396483638116260233512053
51499366592566534241092456283741470572809250958
212639295505832408500156281736558017995223004553
1217038575476028823397937041545716714352273206747
1222510771793384777213846235395247650683731685471
438054532022249858288107963450057182248366531983
1293704504905752105846095763854813011958108596452
113058091588567386582952217786588327214364044678
37347724555696739012360290355574224160687386873
945502037090262617643241228256629007571272666548
402341178564890277928327962041576046399333274217
199008559296332792233073372402774557431183076012
1244792639210781918452048153794086119768587236387
791214965882058160052631297481920541477515295311
1327910894286836961786968181840596443746068563032
1233538605233861351821785838051861325677996080165
376368478262577284557866560217496507612363914908
98142057567435204710364645237577406900059134678
101582130865648614004187566862030577052353525010
1078208311069335534297451952042679134198720649669
473948463294786579082894345854814036122820823507
513356389814467909165455292733963110534301605965
698638761792341776853583029975267310894033770723
1341258520183244421036071196608283186083174841591
43764540860097847147787673030283510645653171122
282441100112900485488530412171120952926506039079
213921910523264772193187508450611710590817423099
303956015142396631974340335864748584563033860777
1239982102716049313938472559948228534520686506375
595999933190457241629545848268032842120067099663
1142709168112766682438159356408070962609671759849
60607586528279060984463002604828669880196829074
840009795122821746684044218967420163675767997180
511100814206882359197899035191898085785527712801
275549306091555750632890245319707378800764244684
305946997340809307173502854405338896825900547687
133537260290539532651742408619942098740242890980
106563771681031655440150067411044390301571486463
727902183868415997029498638302253447276302023995
1212336131300079166523831129462837858704102326371
1270128595424463911001479387576730750181238611491
106188494723879087641101299572729527599494976695
103526709364940943576136091302005659912516462475
1185661844105872676406963736257249926039361096307
200781318753087507833328938383993887787105277282
860822389022197747172300359251626063454151495318
97248628634485257656541376236814896345515863361
477849719783567143262591018459814373370415984170
669109277446024565176335089146339519341269146133
787612864482440782052339588358057317405882922963
1154693703898387690141839786969949897774370728794
1341209186717291731547750266474537415837622658247
682509233481634459733203531283683983330916353901
1385565926975897039192711083757258877196422537202
83932271265292472504037849727369118344677467307
496548344172075479874032566778568512440833995368
620621152083663564315041970677859070072315804454
672928237349060604773271311174309320132692619163
856745025530768601375567599535980566530408286943
312525011074013775530372877333528926293520187396
31268548926690698309752888119095043505703822517
356859869247541478629913242081504147233751746885
1126442798203455543059758818622984897157671369180
409764214431965593948916330898207178108325089082
408186939064285898682990101629455977584287214314
1247631934633643628785700545541981785880489156102
1211086200552885303335253273121505226254398374198
899078974006633173977219245988614702473045786554
1010269759514465904491236282095019931869058391233
1284058734403610931770743132097291489301849155816
320750247165249365458336224276156391968276627376
1273417183751916621246319905370006929145445918659
649895193224145370982972683444659488363735675807
779473803583497539809793168994663783591353418863
108575513833279943748920189635183694505858013010
1262289482625715621560476852726361194182999455954
1372455270125677208670340035078478045811958565902
1297050668666960906994517647899284884595741383543
1361307116065909430411164757862174513270923407736
827081968230182124181974732137021498617019278351
1237561467225004698852412973806480015225597934844
727191505453682323294673211124447240077822435389
85178663345258361989852243398276307339349772462
891909027720375657569369385405267806492556487180
1156604584252111117272869937769284596554776077358
298301350226322844976620378782896317035017022035
1073159242804153673546994547696122331665008769284
1397467471757325081808198202607673481297485107505
1264456719374565640804428585726988690386076605979
206280341783374010801738577769496282811086548880
125351368285430410131945755674820016526285390299
966064900131714200583471347057990690160493017330
850950492032683605779254565414493724369531692712
572208892602790736802826532046654213611973456798
306368685218228871423945151287979162893915047043
1180324202781109355517348424248306732452134005148
101442615008774577414460161292686059071557490086
905847872223161146435556927899635755760912249194
356131418210949773157983942883125493613131737588
8694116693982907143680773027021535669192684941
372868490880304161591939997795491469951891638999
1355561243313537535906828214764071881258274053403
963513198931384443496368505244109354406784219157
1256635681763923618104222054660368046161836311572
1052837672086809840691516302364111690418416862233
926878369183004830872408920522148591050701158480
964958322364811986781469870516404773179035101914
1028381020412563620042445813897412001972757452317
728133271073068670124122546515672511104371736544
1283612486657527128832771592871795986179124377319
466044233092565024854847936346145987106771335461
58981965239588935687695723159894020323341281340
854671573774276136904500580393574531051979873129
912399426538849366044207971410445427206144176322
797223448223534282927307560343584554326137821052
934851600999081749163002611795539846587974491756
139263418666549151727946775591805239138615663922
951340750807793262349575322738875271813943214535
205665780774067118265872481843885468359671604787
1332494643859484428978997213630837236271022164521
1362822945003711508772866368217904883182818733915
235134723048714640199904399615164404513253577673
399065914689903021670858287342205439632303111932
736741299890311575502211921914788750757103986822
179145947009360035824482606692389001930833067719
457563580839202209560709751226118931307820469910
172954835370681820225658552259624332551641209367
183170847708584308911435844650412605931633344962
269938447393369791204486849268665411320162885433
755484729474939770264728480815254998390604362324
715761123932311954025779201717393096429861883252
1324499739356653530775911438578116933874601363996
472993798407355206078700322780773016934666372791
1399994107830564161589378041222284148745756423876
172513215328590928973401437886268281317633508760
1216587096031121063876002485783459539438147458699
311224174345501467071024911346150170314002021070
264435979063663930185259190939929520728058373092
612404689394375648722199535008249308939694560545
369130108297269416977613400895713419577826703175
163121084999986193817323403026555061801008566757
861355385174004362561877350311379349472785103877
936226327051202588846531106230716649397397525809
181488347783384604846250867709306169043702957402
436324018530173399379617047940157593237883603208
522801450089321226450507472054662424515527565000
1370685379062242612026395256277276578698266442858
761303048674274557715913552592376329269343456314
93746027299728130249542128396143113053708664582
289923490356423643087102951122827233560354744461
1046188211938527851543983081907859608004956616267
788196451444777860723404774024040517163959658045
868627159738852273652442928157363851263763521553
780756109023966859054667293000473878183238710156
464414100865941095980603417224585009279545680461
767916135448935010728261600295912123311457117817
142858587358394092258868912767205954442224187303
672119480440863849135463978668303088050341991874
202141791772806815174718162310367732961414978444
820130629706120440770474432934617663248077008794
1031004947952288464914206803096480731644010835727
478906663258308376827616367550407831528383755355
1108765057949146773478301459806305176520236774281
1349694914688236611827840785208631479736847501862
936081007268866297977672450625321778209044281857
52506100568051529572078813250468838343251319198
101276280950244161375337084812557483883907890761
304251618671628700239731615276385968420257597106
1122214481097295814970901578098418314045286425393
694541075694896712765751242017385970031345412012
1324949552151242277795845419819797766766450758222
1038756249429484952427026596138211209992768579372
988467772498484134084510495693877471648762088135
439439807607111946577048407112091427623872002026
168072968039026785708415762809079163762641872405
1323524441358993155613332231171661952890492172489
715640367080409317839137897739928480418502986419
923057256001472454825784814453043708593064907460
314468842527077273538226743523036866553425956156
471173170041569626243481711022498294576651187336
1288166397996282365032980811250801518935636380127
1295614264464215980091286002403075944025973557235
1337592516649524229442436720394864794211562609796
548744743268180937339769316499553936395055540640
609688977288884069453341178168367293384448490417
1111233921708252514414337754134679424564172860819
919686881063827972065858098888092833327110289743
848769676241436851190386265476111127546669283087
802659139207385001824093939180822829744782919792
833222717545768861192679945251410348463838564027
1026768178850618109258175900663913903211536542305
1251852480198002307428674010932450703375187645082
228405658398537081866381193315676976958609581718
1078246208594537096700223030208236564196275967804
426974179352052818318627871731537653419560293860
562170064492252358208255325870091959002499183129
49811682008332970798798909001097371416924980069
523404232469939903282601582858505755692137598315
503958983285612869072860257235847996798449315132
602807577954658140847454151067729275099963949238
1105619123655151239898816525076506308327192667156
663346806036885086535103818010735460972276189628
1451709325462847541324246980683151634963729415261
83856619377135803265214620867360422731148982888
1071671334133380421723509335224259113259779526082
1375953067171522074398454202193935396205937387762
192867810753677042387729967252447960855523469989
1102634523722355963980533911223722472092594569184
965159141302682333392640050264221158035252247460
1345290032368421554971032812394728832389518732233
360628510975929365432595425911167659986556214128
252082093588496685506309169123549563633911172024
1146731214496487215918873512213319479141198151410
202936398834800552140460035728153968704736936614
611630912943650233277715839933799976244631193606
782058089219923618609857682014044901656384291074
1417648398539766593321805413286442050660041139137
1099333584606354766800589127268035700133303397021
1396719297009457964374545648287150305261658731190
1323644132618568000400600478552186971365842349923
1117387788137199787010894099754475820961022251141
1420967750489179679623090900477949747537439415353
360293040302806770505552846711772695945651056636
892183187423533688565386508585696557834590235654
902191559119446518027122183878183664666476436081
687751903923979758203443703640158892333583579565
144300676705133854065313946634012356568309601674
155005995545788349464867400683596950685250981216
57369246447382269891731172555602308771214396561
363217584046668809176684832311291694359492832752
592923788556740519242077181539621173656790645984
237066675560985590244813307634204379700455182054
1262523936623050530624847102190805449244992425552
1370085290202633504341295851678771846798694850815
1267663135371847112456449834583171156576469133495
1121100529977112187485195790065854281340392178787
197593810523634007270885586070773501525609450791
1069097652128305122328113359011483888381229720433
1103132430184887057822234023419455474433706045105
665469156209787110565219536156675295750502198651
1165617687968158889885860092044046974838571466782
460028724135404014660287130302330981121768958972
165366241453328840367160049118613548330304303537
1127847237575147678166488019131060457112797443725
796436274400642132727324321021749969987314095783
17743765314334460903175902055198975328369433807
257227261499461640705122563171381764702108431917
181856706876536011279850014454852144772731860152
494202098903328191992019428044820977232665907166
1149642008358466048023096208499160152272559021013
1028566279910613698528101667575151240063803472399
179364079456061021592554859928930677044530153924
503379165897583163864053060622071391635324944750
930024033244123635118100231735090429604408911842
851409144259850610752489712713285484457971451101
1439054851348617535486543427854326188014798553388
953844398400017838823212919398510418483414671584
471174555758068362585500351147385777676444056689
1382766431359623640652459827447152971202434053791
619852606281824286985204178184869685703169613477
143242637045172120594557718596102358250866192428
1074912807488445584313348599226160015132877297190
1411877304281359436637486397732775728736279023687
1036010092834872422148608181258829276087458227617
766918797347214120267658349605361468314979727319
1292481510235770789307282109980899969600185729266
1175413143488855992493528444026101711115636064767
794254828268090137244623388962947189005508139000
681387427896858750739588184805209978567825549414
1345609443935630236207695140122826971591521919358
311189092812185200361604365153121561696088629028
698910427995557753190719818361478636301494811748
1266064709303436343593341538798182677317405848711
840523473874939504955359035541970366317277755417
1149476091516069678681996875684670239156070169422
6124424689050107461967304600661811601718724706
113606349024852047424667377800697859739052822743
524727493332339327257353841164721068457672993111
1196666429867955743197533551608302116376593975508
1070518645538003263142583645209624484176318674775
112728117928004219339085590382251056422688166604
1281509850648817913037055331013859776491480654847
1371337569385733993546552213765381005186253699636
356313695832700275453893035401290589436958312682
355566220565301130838086909081962691684134772428
375076571014906637240864734302025085728073555594
960803510017345056801294993942321244156965653056
773443653464870890620234987223519636207989027129
825266436388169193803683380541296393755803281275
196692913395964389937625298345481519510777032158
549278765620284785584768106814221127532881178348
1105721742077216227356009072487719697923219151180
1159229248075390519603898050653389032455824087428
499370539167216889507886483408296772574506858727
897307016445037296608923456302931825041789736448
658029622008737928369836035848652514951203184469
275673710913960206355757751352950920591694054722
674854444773424832418941886598327917376717037421
1299679815619507680951005071598247001296062041030
306516213238710476498224512829547749436421324229
513742580312502390557280813534710396678487488111
618374515677124633754475097223222726009254513208
1217531621919467543110421002652688798239364470382
1278344088436020009225352854321448615677735049770
1324395867778005325748488965740746182842384366130
1141277463743764853345943321689890015444259207803
762411082493684679331928859279272464887718063740
1134972949496030163129137104643724027127889244645
311029000099819001053417415060051743356574343138
957903686419306505529041508747859196084129104678
432552470885350046198495377399441287742331537778
128336907147106913965265928188695542177944400471
1418874732108760665943151496063337003817418510503
92031791693081490600724119367676376457211824190
1182676690052835802218118373925306519198550494013
243010329364588696547505221848944016248512692771
1436579793733854661844376691070846322645343420019
302880210481256364461910051279520384152585035417
1456508836707014394384046677918426799357934591816
1301423010638441662347673358978625910944651402021
1148849837846231003278055548736678488583009542260
198636687731123334592048119886371729966585566505
828683911815804106938415241490834863100995551107
272513900393431065164789639427803369413164759631
83280054707165200417877940593386363376378612705
588977986059934494859101775419907896236818155403
650744578662574161071087256919077217083144785382
1009642432271764898521860731548692288920621711298
754347151842142710375340833977320344027639733461
1218650225721921863904189978696877251436591034538
693612242761017268580989436813864250251896081973
409073699956568619604205267725768971915344253783
1324908527713337575750375326695614893261526981333
1129302514906063850441752092405082600673946245473
1420686674639100760554821108339751709517051576349
554291279383238991218396274775329224722566126762
214156152858767102019655027122389597452646640820
542322368019629918652239414530833922843642486516
18634459699637320335896547625012038461765448614
1443188501014301656677582227853476704196222538656
274699749593446643606074850670924588367652663009
1133087164128806054521023637790320262644206529807
313886370614796297571737589258155113059633785525
1008510764352399410638334883627108323233584982873
646311673827336011115909670381339003274392755557
773171561079139310921702951061696899482919890114
463248794602023004861503678400948262982147140044
1172813183374629993500917144003978277563541397602
41669216258879077356948696131406419449768941373
1370553141944350113082968451223704123171448016396
1083818819642954470168826264734375611581338911921
1095989918807721058373833281221650247845981279970
626429617890788198155271333308116848184784926866
819057615805832675702614726115821461052261455137
324985401694696478760029497071257555076899458575
350990074238289647297025693669316269440182026043
167644985213431614550620077412917807645101016699
490570594197254390751928126171582395717406174006
683349104988436295243143919367827985352089815323
893358316302024181531167997550941001584515363537
911537837854544684822941455800475767785346735872
539728507761380413880052148713349443256357150062
1260455613456960010217474976616897905757791260270
286380353286839309763259646675892102835581641129
219618693939191778758898066983098520261867323090
704561880208203620049882440237668528910388245086
589813674885126519791172440463619966057446384178
1240593478432087018157497470340305036954504894746
473930179438659326440034704355892794795943026999
1418509477688744644838906323880693478714608704800
1175741654499913306220041668288088079377798276562
58675061484198171058912551015351006250211641857
404486833445671822037856050095834531424308555409
784548992418071238280358606836385872987358582463
861536624510863566162654550046940954774427847802
829597761623577300160082141426635771498366639158
773085152536242511885489592344648255218950097343
458276652374456669155651096155311890091038762423
1224821278489902909702636738570918838005935016826
281799143378485729206916868889305371838542649650
1335550506524386695780777941616080402585682538124
611152685218280006915570320392466538879341984544
418247590299482397532410329255880891824694558226
900407575174453857425966069198801626955404206532
107800078807715361337407657277463954408439843257
215465876577823762399001676829855583886916204685
739434709590190713823578200248712338490963251370
329358068818824435667247916199096845030285777833
1048298558810830274255232839435700061251917610798
1073314661174676225156327581039248037951350061169
95287978748947538488215124513302433412682030636
147852888370464639015109994386978288125204003842
372567745279710344290492495135717745462888665651
1073075240092787133002219574442360872349646473578
659361963950340021121096473055074671446781947205
342294551560746795846156308127622785396223104023
949195657260252355697818151351574733900269596610
712153768123174694866906393956779746106920427339
1115221963288943239636316356785410081595942942508
121001032972724668138107757506474682640575778355
79444097584163753583997189088140677441507538198
796511062469886792644023179713711274552905162171
729704668697927532226587183962766735470049499074
1087361188446347627003756016400201471052252881283
106087403659859437838994136527580783248939821027
928939597069599011540555092267509360043474141949
348674292608174217128430276728879995905740772494
4718211568660478389996821119202761851269155764
395296124583961517475941482427404264250950901226
9330310706716577188286189217708117794893400831
836986656101756988547071118461881606044781610709
433329700431574841022519714529698110235170047206
1262021447174572126091393911632762132889724687764
488232498420091189982965281832370137815928218719
1076012340922207490373232030228109445359815422288
223510061850681006614287223634061355062645307219
249036565286990591031755315585773099830880393253
292988638746187688624152236607823173643081866836
1416782197761746927702041076170510990736451082033
69520720661371663565508482925102909080830675461
1359048965313173369962916347505387981341427633353
725498777302867442037690677995728022809537433186
1109870622285806192190487274944796272739400197544
1286668463040450346346063956258299987291669299981
764539739633177285113668936698503710165917910321
239239080303770330410052896834355867923358383446
818036524382685432143019878640663127456907412262
1103090248906211311387344909054088486682957917335
835144218056220262047354024536717426462489634153
960213036824936134750239202964131759298719795149
151449476245729879214991269999436477976400488582
358154652281488700623404570039508680656744598364
1158807283195606723301724051122119070291560999841
643814440198478779068308569754389725325845459004
833088574046591644336512035615081381016143427672
84031006305826515708838938296397337358466928709
1195637122374262123821309036564852885061058033908
1028864034410741968611494950728191959137223130777
383512415482161969018121689418766049042007420752
607882697122010901301160644863740522054895762417
868052409648498909107457939899686806200215681987
1402567687307045298951824372196115908811002578450
54094837160426882719114927728817342028970013885
807355958465235992668826056079960619002740254164
81846350397271753748143657938423262581413702326
599886334299497877780390592587893390318590685747
220631606183369074275801363240490763826342734994
922945102620176235679716143665032741310328993881
98973395314969429547547639217449673827026697116
685300397639519701891302015190369328878516290569
462867962307754596052164289326977592101837180984
1163237825876938913731036312620703475023932131905
1360466225117782128844780618466999420213245329726
215813550095178556441521479625113182052117634978
1319395085106119544093657107380513012675524604851
1380004529180040653299568333482260547789692502310
550349676827909373262402062688839452859891819924
635879432625848680803431651386784992833994349046
159827121324270754992915340903355156329862978330
1222099788448302335785694506433526268025361093956
880948996495356788047694260219569787017066228758
293657329694424955543872965819273130553291099045
871015169234841138699982380459038349575911587928
1115084005408271781964033128045205242216920797971
824264856933562401754532070658197900249818740212
40090562682077354036711853865516663091912172798
523623027595678255451237758403083495557277083366
950611398852297658023492134939879424060096322041
1081040382542666923612544353507770124624255094028
576065417104615890942041432597814499514456283301
875037917331522582619049113029509356125350641924
1045609257634120047908815392222861708849483390337
698275586549961637458349405099517920042594012359
1180340427240598306951473893042212064345594173264
1366896738963551831326210235476855849722592551261
318745693993031703609301981613434053000422233180
770378145282060315048187474876488851814190646187
403026281786388528844137973315981771851440342787
1098762160821170659795928576156019042839480009843
402993936304492005754843716100348171355971227758
805562947890986300845440674723939082476334325785
14117688616500630649411006122177760389261172727
824072263244039997686718039556899312489595002447
1119264371944249657640182357500099330345976731344
82744157641567091621170426806131029495310600830
453498695384253361139755396414014590670968580332
762752091694703106877636937942016392703995514307
1326408336617713437354277575939474776230305703009
1331987303502338720076665080423028044522535946234
428202531061159273903742647506713677578458135270
346602620044776800572182892721126141458553493993
220204015729772985010595333196690914689725875098
922078915669938372354015739071994033692801900736
715147515123656947853972686388143151631489226831
965660009289548142852651163974599814190219194392
954549897631179537638006893621126197023571470117
556075829963382528153717867565442337322647774643
985070851069790639796078862188338536589550872007
945677629382741288619431253590070929021968562941
152700595748242668762198728160605676577692767217
143630189675716139918992239218458383340352660808
1118844562268018824280591191553487296612798681500
56133244118570350037218957179619712336795007523
1385010436583233294401392693256375501302409089209
1252770733388449865216897737604917657363333372503
412845438428422449956224042220695501424110731747
1238976121393753722837052788463747879206728993187
97326606331203888405208934854080751051820441127
615070893529016871543192729386208881889604335290
623964244249657676363957233625552400128111455011
47033507126666026636353960860457532748139639930
418986403459179524466460239152555031871427461057
110082037001837283074364237446146673669500442576
1390900125999840109954873572168987578360612895041
612520753998891572245601221945339411379952611345
1064407669417583148686330133045378975042290101104
77822572501025018813338587242460120074071947694
455566961447522851361658128377058870345461817712
822657608319340399593183358844758662110070758054
357450884286271583395927870419601438570511948178
116133668111924855996427946460026272627476655454
980041186870275605899887669299122062113533055089
1145374608961529733346986429006420693826323306980
171178012544904820805016814590010955780749817311
628555557865802708119889409219928742418820861662
47298449452635126197498686669628964620419604078
1452445523851857637363208228921749958703365834315
1088173258139364121987795514726023817541008335905
1270443166140853091036550018349738899769517288113
187831849071327221060813398006032193706348194099
521654868307171484535972924497869285169128358541
52285223507190552245579457485815785697872357583
148572426839595214244254817223635182059408253145
1158150799076671272471432514879831168858293948527
447734977489095553153237705477596384322653222679
271505900449552661910265832806192549155663177870
188156232242354406640240505513929996048242326912
718006495526589335950454291774043483988780052284
1430749801678361129002679546518186188665980943818
1066524923738204668480275519542623236854170293512
1283555650043351822830773913459843880283360265959
1183275778229566794356470026331064124458556954213
880259679620135986159333994344300156754174793485
1029840118984993526994923356001241307316823004815
139916404214178128071648215069677979255781822257
889771002320320228851288857277072581338210944790
189756701183015219809990476885699300846458831696
519650324243217690497551014082069243830516819386
557890299800690546508580615469417655624257726377
1380332818930515332496332835754975434201753166957
13821027645984105731151600895792940340002192208
340141613353979358160034092223916950859474711121
202620869081635064100706065648021746479978421497
905378130459739724576276876837759027334460419683
497176899676741977918000514684376826377005900728
267634496870263183867023905067724977307606191506
720615157688113158504277776508117000156234580032
1251857637323030978424076571863878185582386573277
892619768997012971558866162376021314501362571638
1032346251739438119874118152559755710174129999890
233873565716167972160275272951716767747010132098
453373870449489283790560371083087796619216082715
311157182212850024302750193767924505375831249885
475676257174468093918909907617179969787531641215
307874912106269447303158575609483124312575948445
183441420288976343207698776019464372216247770042
325989749350338336072226249832631554091785367538
925034693336238181014253889380574456994951854254
881550188900841344832480801235207446628728619999
484275524507026919529883533453427518903024057474
577630791020145538783138281129478616036237497835
429394800838312039356278601413811284281223319813
192389981794646810726089792213342701875418077256
832398779873745706413670726191922936921845263316
537835338399991741188304622074806860137586363480
654823722645680324265519543493604275055854550155
1065971949454396841471743912999722926107649795681
936529160371294425807128056573427981014634526126
434772619155610832031331036165037396343508675620
299836987158523523780273399064384042787739827407
423174909554025069535657272014342060295566361639
724391927700761104012121167813137212571999206897
448062731486110808471625896396004570150501708534
154607957531154791817178574507153223089371499748
523747994186484920467796707734339522762498107098
590303357229764865072641077920061708590185622101
840011684480834777948270603750345756145017484319
24953434381622725184294768516813437528511735144
21740002569562207684924298664367947716227603498
182985879664478084426777855419443720898917606093
1273287391364640268530731489794327627692924020592
836836678916671661576372157534214152181529979502
717236409243549707058612606358623388242288651757
250466466683906926425966547925967998458912623116
868333266153827007968309358255994382238243356477
708643384946138130749405781662446230644996964470
117597041123180982687002974544704849602551978054
599804441285215723146308024482703665738342926348
1303865649913137324908242238308593963719674660055
1054750208898529910681136135461442315290719353602
1182042284205815061560646340266475826247162547809
1291250291242640454623420137355305562630663029761
680848207786026221437594434039154407576347003527
1204198936797509336656239508413252145111633702497
965678410301466849755157071355128743066354559686
173628379619440921963990950580458189483185484480
166942083211425058524643542387262027794495535102
478930610784344026657311007406024820109043018797
6035226118607121270460249470350137363817049089
352343209349154839556936222206703646902513813009
109642052607329383871901612905541766318219089989
241007180643995340114023733776329646932356758470
1001419615292353517649814718285829038450701276520
712904753190371724306789942687259468322128130123
536977174015875684319612317687830564004608836206
599461140692273531588056912824370503583950646979
1395211111242732433355337867014769892577634854253
615565660915174095384998185136445922902978121801
1076377587880453172644384244808773317494108667266
1124260731046282277495657846927306788021947463612
1301207115226843299558277939593979638794732147271
517304733108132962691179470077836199824366323736
1022930669861061133684262339468990795447353273086
764466107299766573286790214794848685217196515862
1258953701545701606145731668051517381299332730733
256866404754036116796704639831308010058634603347
1225222362583683360376619770109920665397019703461
522101376548192744073887577398717715066021613142
1007567758586697698932222063779636476541019237334
1301627394661017448711117826108695423354464720284
1379025603113789582222431901656693370500805343416
346497929645522949508387751171705818195532289029
202223041858846719620294584456928203454357830317
763046006705044081452910143661052376349389308444
593423636385042321772786334141335238926770014078
1448047860035968922795932433963545505008532029202
677237817483539045727271660531883398578308383048
256169950932056026210427396831837304998802650032
1217678704146460024169313663018768179079215629568
307025331912389192225039658516965028393356499669
1011778036126461445307587925775532715918665087196
18081280005554441141921679732761566537503538119
522397485673573107580720336237084571395578712519
942885992330265291466218505913652961590905138434
77603866261518285030608303652445830208386608824
1084877803011448157355999886089961921970600366597
1028278822849387925117958473698250600936881276023
64919436103686496087038251863033112117893742756
1077917640680321465339590722654262235220748675648
892627327589184655511599441224061188182294960281
594351107374049488287466141028282147659031566291
672164845124111605962046981070550975440318783940
1434055115852130044265470750213455274262286224242
1362399983370344768421780238810317553085456540955
1380589037791885763603202887998102797594526263934
1187199484819790784994755659051625145724153301975
1272779040622314008175259083825427687300622405304
375536485320490995075991799766560186661940967430
311432200055096918298640950353436424519860059445
1294704449896077204352301735779443383383062991860
535226074763383605336193207288572325334323820314
1203332214727238765550113492017361659510710941413
1129756698471826801955957174996804862963381742972
1237870873760668380169052801102554005938907603155
71276541465504136478221310066580948880372729736
112770157905153664204022824605953414279544429312
358189528499814172553328275995116083823468146655
448829360648012992674654823703798793827351609891
333830092132091986793047165277904832513061774480
1258797309210607989158953752809108393845800337615
1360861598440393850184733249897461921306473979034
1206750990067797847321952538261478060169757033358
165188036336020590704592389361033981478559019906
1264925639824887823144712598760149334891146998224
540079243391721902798519501591644049494142430302
183047254457593205686422983959210851479150946850
386655587368507276076606798171887149259167871469
678854101392659984169711939505106198782458209243
994071092176947933571732468162885959246627210258
152727512327266867466558398432561762414938673738
224988896711986430861621355290773569298214475484
1145740142490381088271634164140411587435007103303
85145514798801735661029556706968760531305145828
270391211692117627232972359363565840504914220708
144556358538533503850300052174005539231917790761
1381208233262563486547917257371150830078077980790
511345524907257023503289236958465383068745537213
452967354682943916257991236524311841855908364436
15458055342919454424339955424885047316341844087
433485276222271569302404716362819049362528765580
133516839717480076265586990566674042094487221736
1258592755260145605392025885198730190865825925668
175573884809470818583452890172006049234687117835
1185311378908229656761882919112535403154138033226
756594228906813733047252047973269243527155360418
250523089636650897288271959118837044123985432117
243250009235058982920959564436108988760321751965
218647649661896950972393679595996999211985967567
862659734503149924268766383551711149213067646715
258543888894414395637636903973801623748485653210
443894381264171899321419993730903770097462468370
222934770846445996669910118495258314821033409372
563665395676607703287786123031660918320432073600
668823261809921652273836025121345546490554564540
858818770481324586408706531608690612472094114441
1291371521930088609219427428057288464810043308344
1149716438562659031054542609768899105796313636216
1260074865301855010062423552244323417163815570937
922644394921557072986374661306206356955137419814
129063803619255554256894290543882613758424996394
176745414599024067839982912196298542685346106057
234447531595757265992385884348330453576113377811
908664205898180898379720923856308029808566425251
580059097273516878052352773089511645361804012548
400750021524076439570693468550619002355107410354
655606107247108192739837672310380798852597461845
147098931834981371750635851034958699172193365306
1415349138570370611301450055185750354699365699643
684172884482951506886251078144343494217959272696
1445366565541048519959107494253622422142447393531
265901786357665749876503614600764009187325108753
946713485131464953239184144127672916267897948440
1161433826020482887875909716273707700627462456584
1053708944733651952797033342803755026424136626708
276359997348424281556024956133231138660406772222
110691584118340651539290167557884780419487440585
1114440079387441700006090837767723489824038042988
1410967286292438657499865956961762936503812828416
764269583783757274374230916705663416691076664842
53697644465285462466778918823296025275960760528
994953905454248045960950746436896734389348194952
813676060848145047318657708264344910994505524389
641567426648836159370280037702964805452437374335
469251952920336745026986278193270266745879327728
641457935929520762532847902363484692396535362559
780236438728821201007680191098748044943698763168
454906197443529853163634977474488475716514499914
105437292131794097362421443992705859568612591165
391849180614051247954262003201827635147983825346
365256748239877520692256323478010789659345988469
577738819738529538106507187295627841658230519047
1216892051981496017859679259100434526424175695380
511538215688237517686513034456642596552676182170
725287599898310481586455902873988469327469271416
1225277584505784722623386787579752698126220933195
1221083983655948854513483164796649371656837927401
620284901378826353585717704837552552261851450747
1243831833908189422850323454251865034439941526769
952188513465090244432021832072267963435962145802
396428568928050725997759134318496951888190940607
322664054001486326135223106504524990175404409372
180078342126354638902472019948244571551636735893
1338317543175497363849500033817051728385853396318
1024759818080507577446982478222459267645224056220
875950469647095746002799597339879295757642881093
1338977928946320424209443252596104636345651747300
1018575906488083226497063726677120374752759625373
922191528060617912314404333973787902145072792248
1099068003348140737600058461739348778452507525458
485240218646328859285190333346233537094077206304
1017805323377024884476595168182488682671834309890
182712443518605551646955078321784709902706595733
521671171921463834405102868039112946913489825094
322162429041459762424895155094781334453790524763
403957172214196714837652119168805089811048948518
415497864277841059321205147626372022366887935208
648674249679120822809548448995974146521965769289
1086914477994293625349343282014168368680128200088
113211464032919943955671808475719623975343375120
1294594982592067166238997987427409710003710528665
721257200992180702558873527039216149457008593407
1101918294632113328024165475977424126225648600704
1009953901104485543745729777151918487344580838050
217679400444841288861940692333325490389634661431
987239957634469065013734398318928067633276924158
215583258364340395977238398559942068014980791876
374150918416190374242606344665021123274390963004
25073600265849819387021275584021494031474503412
136826931302120811355881372735580598728523202203
248674976285343323097842252720768898974282591937
1322560253751620877859487473697501805791433187075
47201094917068984656431783895125605738065655647
1209434534225261031184557113504882501298377099125
894362110866486730139171514331137526571865947248
726219389268908587474887266260254597440379624610
125015857892139780717505842663157628252666648
1045991520267938032062993830584735083576592130485
298997229850383891304495912301497834196683166569
1106487189721520956582424855613142747357274684820
685093448827937976777636931327675065993950481610
138945975087218107832326967547920000451903084883
1361678766748551146543739253553232478451170932749
205476185410693976451485699891064987973345713175
308963061218873709855006847659578166850216175968
563190284650497762750404196305060846508213258207
72271964117595520774651834091232875140079723575
855092740472387993123100931175430789583167004031
523826604987387317499246374629497669359925623322
576166976889785974878941059678084523683150143369
455866680339073833971492710618476454644444831391
901566041246128148321818453150499130778471190084
1458454075307109933739145640072338928977335994582
872834060631718717636827708794410966068776647102
1125144659702473307292460854250097911676735865916
1357844133889193876893104048794602765607417173014
432164302931810582284013547992817606585831428875
518667089264597067427727010932836803130302091697
438445083669303115403743498007235773715330171990
194309863624113533731349652339969379735460577772
1097002835798980169961853051308674872748432753834
1296195025954858552894000448646345338929520129254
223978204610416876963280321193197394245472584843
1055745897060529348467834001782660280986303120548
1105102055647126438462836878091227640658774952198
1151805342941940805620925649140584153370780285702
738413402455931892207979685251522449772534893497
1091425538277940286302735646037797848899400601228
686961736355681885565214254447546908900809659940
1228837847711287276178769047430843118373358011551
1121319500731216612176497967747661444621716823172
239194375438414822852865454163955018161082941533
1427036920803920864625048480924161677556347504468
383943066494044536149424863394544856825721005460
269404993567877381922134607013033536748742227784
516893565555123488224332283028949375160306920235
26684289375356084096145846661653236485553590272
817170759259713376007620390495981904350407985158
383326175409276724686029613137941277479752697641
1066479772786242993719951832648524192114699997569
1315795787993604874995780273235812906250551756261
796439341069143626188021444001898130819811383170
1032751141128414680214862378986202997149987327976
1310692739138595852093490594552437362677841760061
899594752721204010950215255955178057851896951996
995375698732013385058675789484583149351210901555
1376651959032034727343309512080914303783223111232
160399223664830115765684874339472856012632930545
321635936367252473151996184502257510917904351316
673057878049224617784563772169466902502400905201
754129383651213151671838126674389453377595171961
443836153305585548452329185936019492258780544233
19844778341837572630282176052109023650738772904
999055289747000661998248937576480973509133175329
742610652347764134802126372560160566287622848468
601129741878519873606906336879481072883113880199
1306217388012443467408612631478666479935829587660
449231588741549503936945873517930817268056712222
832427443736339408335216377024274560848023412535
529908477328872536830736236039625108321383964753
1241863561201851376031169766486826798933504701506
264917904775528240593803066462390552821454212194
846640070518163889869016824294324061329827726617
94035367327237963828704070801032438552761695565
907377152520429301571054774952018020276476785318
938916861858010695395231813836327399760666491104
774293123790216770952045669908062687563132765048
875785010648350790228261458769185856907899247852
89602283264353126371312096561436419026456366859
572660599736241798442113438747197353490451021255
678539768452794563249622877629478624287045522837
24388151238987652920388441908706477359276797469
