13099895578757581201
220953629884054836943300442550192810919
10336650220878499841
12973972336777979701
14278240802299816541
15364597561881860737
12834461276877415051

580642391898843192929563856870897799650883152718761762932292482252152591279871421569162037190419036435041797739880389529593674485555792234900969402019055601781662044515999210032698275981631376651117318677368742867687180140048715627160641771118040372573575479330830092989800730105573700557717146251860588802509310534792310748898504394966263819959963273509119791037525504422606634640173277598774814099540555569257179715908642917355365791447508751401889724095964924513196281345665480688029639999472649549163147599540142367575413885729653166517595719991872223011969856259344396899748662101941230745601719730556631637
44324200021899137327887582808423268324306554269030398988497094070572123271078902768360527573161258610696131464607436644758152868284527666973467391279961860804494697535789417792212815787340928926246729288620830659180994550645933102956818122295902582525614749101175870312148700683503711131896389219034846023441290046556704246306071622141895997551873578092324420049371410447434893455327175253425597406934758707094868072233308724337397998139997452028238960383220832341743451333333050663882027483481598164988987425981174421971159407339686615274693735350967757010132065526860978885987469964965487237
200604081703288650613320386250437164220253022777771206921178115057418084507110668844353559385341718378951596727067395397628573276636945574231234695193688693752178546164596276698880572630829715178102369648264305801009052978956143187411065542601160342643102694840704176697660627715117094371920052188749416302742941831992658931968116402429666934598660887435967379966783203091464220245242483998213619256607275263585633887755114697685407892572789398760885154532318974625627637111837062290992267998871540388822056915622785486165469914644017387630989023531111923
19407068771476679007070247793246690092417116215218753432911452273789638740190183463869694809366526310126471325339958504315758926749187566423016950186778339518272763475162811244987588977640292660911188304721445818661957517410461304708559689918388096884910307891894389352314792894318954311323588641559487652043577221637950811659365102790630536169593180364115583083184113126279771425803328757614577737522798868770246087292433664691435481081637684995488600391488738356901878673805812558824552234976213416216308690253300597818915757965436403
1495846319670535555745847716680198928227676339668099731197984697604649666130222485500138227906396542213282478471398146773884230939066725464029605889181502912791435036734820238308523360516612011923821269211001569755755182169932772782104293532637732953739556260082520538312878620168806097410763609968659710003136754112388587617603388498552071342177000998377807174429406399782655355069421513794387078919548748576440015990181365637756895808059930249264405589378864282675789810890970449330604191694197113094007027083687303
104764049043744763210108368368984465106525215308322557075681064706415496555984461174093424139425089728007946671169481890239781407349099318116548945996571418024579355761675282249105848707165290181073222243982920368374381540424752945390190263704678778504308742725969158050673954191052921685163330938552562247304059815135389662170539748777164625563766459900731301554228678820977807785701469165228832451498788117816693694882374912204590563818505574892818052651111404640644168185248201616195212608178483
6818535182701734855327304255339027307679751372168657985889673552945842330474185866341784949785313791746944269932203341675239965526976641615213128291319956316916408194183457985567109598231314426278137218015647973554363930074793389536290796968273244579227149576231627602665140406579705911635264849881259490776816575945116060563362205465722539262401378115033245800474877136931271537112198634902074680616078299451631128321373466628538829041525418830404824763056931190046867799835059
531267735793945493207860378363794779678666980069617269844484147444691196259861668750590059004637080089725895953436465072648586944865777083505985429056112479783049553912018604643290720442177807073663808907894910688153847113660997006791057030639391983182822522756449527234277471208330011037298246909458974518046848282528277485073491484132522618014650753104914934428147616734399249134456406323447144506738718267838467393785087306414733973562388454849871413119609
